1 0 0 8 0
1 0 0 8 30
1 0 0 9 0
1 0 0 9 30
1 0 0 10 0
1 0 0 10 30
1 0 0 11 0
1 0 0 11 30
1 0 0 12 0
1 0 0 12 30
2 0 0 8 0
2 0 0 8 30
2 0 0 9 0
2 0 0 9 30
2 0 0 10 0
2 0 0 10 30
2 0 0 11 0
2 0 0 11 30
2 0 0 12 0
2 0 0 12 30
2 0 2 8 0
2 0 2 8 30
2 0 2 9 0
2 0 2 9 30
2 0 2 10 0
2 0 2 10 30
2 0 2 11 0
2 0 2 11 30
2 0 2 12 0
2 0 2 12 30
3 0 0 14 0
3 0 0 14 30
3 0 0 15 0
3 0 0 15 30
3 0 0 16 0
3 0 0 16 30
3 0 0 17 0
3 0 0 17 30
3 0 1 14 0
3 0 1 14 30
3 0 1 15 0
3 0 1 15 30
3 0 1 16 0
3 0 1 16 30
3 0 1 17 0
3 0 1 17 30
4 0 0 14 0
4 0 0 14 30
4 0 0 15 0
4 0 0 15 30
4 0 0 16 0
4 0 0 16 30
4 0 0 17 0
4 0 0 17 30
4 0 1 14 0
4 0 1 14 30
4 0 1 15 0
4 0 1 15 30
4 0 1 16 0
4 0 1 16 30
4 0 1 17 0
4 0 1 17 30
4 0 2 14 0
4 0 2 14 30
4 0 2 15 0
4 0 2 15 30
4 0 2 16 0
4 0 2 16 30
4 0 2 17 0
4 0 2 17 30
